z_x,z_y,do_x,do_y,zbicie,typ_figury,typ_zbitej,specjalne,kolor_ruchu,wartosc_przed,wartosc_po,wynik
0,1,2,2,0,2,0,0,0,0,0,0
0,1,2,0,0,2,0,0,0,0,0,0
0,6,2,7,0,2,0,0,0,0,0,0
0,6,2,5,0,2,0,0,0,0,0,0
1,0,2,0,0,1,0,0,0,0,0,0
1,0,3,0,0,1,0,1,0,0,0,0
1,1,2,1,0,1,0,0,0,0,0,0
1,1,3,1,0,1,0,1,0,0,0,0
1,2,2,2,0,1,0,0,0,0,0,0
1,2,3,2,0,1,0,1,0,0,0,0
1,3,2,3,0,1,0,0,0,0,0,0
1,3,3,3,0,1,0,1,0,0,0,0
1,4,2,4,0,1,0,0,0,0,0,0
1,4,3,4,0,1,0,1,0,0,0,1
1,5,2,5,0,1,0,0,0,0,0,0
1,5,3,5,0,1,0,1,0,0,0,0
1,6,2,6,0,1,0,0,0,0,0,0
1,6,3,6,0,1,0,1,0,0,0,0
1,7,2,7,0,1,0,0,0,0,0,0
1,7,3,7,0,1,0,1,0,0,0,0
